9 5
0 0
0 2
1 1
2 2
3 1
4 2
5 1
6 2
6 0
-1 2 7.5 1
0 1 6 1
0 1.5 6 1.5
0 2 6 1
0 0 0 2
4 9
0 0 
0 1
1 1
1 0
0 0 1 1
1 1 0 0
0 0 1 0
0 0 0.5 0
0 0.5 1 0.5
0 1 1 1
1 1 1 0
0.75 0.75 0.75 0.25
0 0.25 1 0.75
9 7
0 0
0 2
1 1
2 2
3 1
4 2
5 1
6 2
6 0
0 1 6 1
0 1.5 6 1.5
0 2 6 1
0 1 6 2
0 2 6 2
0 0 0 2
0 0 6 0
12 8
0     0
10000 0
10000 5002
2     5002
2     9998
10000 9998
10000 10000
0 10000
0 5000
9998 5000
9998  2
0     2
5000 -1 5000 10001
0 0 10000 10000
0 0 1 1
0 0 2 2
0 5000 5000 5000
-2 0 10002 10000
-2 10000 10002 0
-10000 0 20000 10000
12 7
0     2
9998  2
9998 5000
0 5000
0 10000
10000 10000
10000 9998
2     9998
2     5002
10000 5002
10000 0
0     0
5000 -1 5000 10001
0 0 10000 10000
0 0 1 1
0 5000 5000 5000
-2 0 10002 10000
-2 10000 10002 0
-10000 0 20000 10000
9 5
0 0
6 0
6 2
5 1
4 2
3 1
2 2
1 1
0 2
-1 2 7.5 1
0 1 6 1
0 1.5 6 1.5
0 2 6 1
0 0 0 2
842 25
0 0
1 1
2 0
3 1
4 0
5 1
6 0
7 1
8 0
9 1
10 0
11 1
12 0
13 1
14 0
15 1
16 0
17 1
18 0
19 1
20 0
20 2
19 3
18 2
17 3
16 2
15 3
14 2
13 3
12 2
11 3
10 2
9 3
8 2
7 3
6 2
5 3
4 2
3 3
2 2
1 3
0 2
0 4
1 5
2 4
3 5
4 4
5 5
6 4
7 5
8 4
9 5
10 4
11 5
12 4
13 5
14 4
15 5
16 4
17 5
18 4
19 5
20 4
20 6
19 7
18 6
17 7
16 6
15 7
14 6
13 7
12 6
11 7
10 6
9 7
8 6
7 7
6 6
5 7
4 6
3 7
2 6
1 7
0 6
0 8
1 9
2 8
3 9
4 8
5 9
6 8
7 9
8 8
9 9
10 8
11 9
12 8
13 9
14 8
15 9
16 8
17 9
18 8
19 9
20 8
20 10
19 11
18 10
17 11
16 10
15 11
14 10
13 11
12 10
11 11
10 10
9 11
8 10
7 11
6 10
5 11
4 10
3 11
2 10
1 11
0 10
0 12
1 13
2 12
3 13
4 12
5 13
6 12
7 13
8 12
9 13
10 12
11 13
12 12
13 13
14 12
15 13
16 12
17 13
18 12
19 13
20 12
20 14
19 15
18 14
17 15
16 14
15 15
14 14
13 15
12 14
11 15
10 14
9 15
8 14
7 15
6 14
5 15
4 14
3 15
2 14
1 15
0 14
0 16
1 17
2 16
3 17
4 16
5 17
6 16
7 17
8 16
9 17
10 16
11 17
12 16
13 17
14 16
15 17
16 16
17 17
18 16
19 17
20 16
20 18
19 19
18 18
17 19
16 18
15 19
14 18
13 19
12 18
11 19
10 18
9 19
8 18
7 19
6 18
5 19
4 18
3 19
2 18
1 19
0 18
0 20
1 21
2 20
3 21
4 20
5 21
6 20
7 21
8 20
9 21
10 20
11 21
12 20
13 21
14 20
15 21
16 20
17 21
18 20
19 21
20 20
20 22
19 23
18 22
17 23
16 22
15 23
14 22
13 23
12 22
11 23
10 22
9 23
8 22
7 23
6 22
5 23
4 22
3 23
2 22
1 23
0 22
0 24
1 25
2 24
3 25
4 24
5 25
6 24
7 25
8 24
9 25
10 24
11 25
12 24
13 25
14 24
15 25
16 24
17 25
18 24
19 25
20 24
20 26
19 27
18 26
17 27
16 26
15 27
14 26
13 27
12 26
11 27
10 26
9 27
8 26
7 27
6 26
5 27
4 26
3 27
2 26
1 27
0 26
0 28
1 29
2 28
3 29
4 28
5 29
6 28
7 29
8 28
9 29
10 28
11 29
12 28
13 29
14 28
15 29
16 28
17 29
18 28
19 29
20 28
20 30
19 31
18 30
17 31
16 30
15 31
14 30
13 31
12 30
11 31
10 30
9 31
8 30
7 31
6 30
5 31
4 30
3 31
2 30
1 31
0 30
0 32
1 33
2 32
3 33
4 32
5 33
6 32
7 33
8 32
9 33
10 32
11 33
12 32
13 33
14 32
15 33
16 32
17 33
18 32
19 33
20 32
20 34
19 35
18 34
17 35
16 34
15 35
14 34
13 35
12 34
11 35
10 34
9 35
8 34
7 35
6 34
5 35
4 34
3 35
2 34
1 35
0 34
0 36
1 37
2 36
3 37
4 36
5 37
6 36
7 37
8 36
9 37
10 36
11 37
12 36
13 37
14 36
15 37
16 36
17 37
18 36
19 37
20 36
20 38
19 39
18 38
17 39
16 38
15 39
14 38
13 39
12 38
11 39
10 38
9 39
8 38
7 39
6 38
5 39
4 38
3 39
2 38
1 39
0 38
0 40
1 41
2 40
3 41
4 40
5 41
6 40
7 41
8 40
9 41
10 40
11 41
12 40
13 41
14 40
15 41
16 40
17 41
18 40
19 41
20 40
20 42
19 43
18 42
17 43
16 42
15 43
14 42
13 43
12 42
11 43
10 42
9 43
8 42
7 43
6 42
5 43
4 42
3 43
2 42
1 43
0 42
0 44
1 45
2 44
3 45
4 44
5 45
6 44
7 45
8 44
9 45
10 44
11 45
12 44
13 45
14 44
15 45
16 44
17 45
18 44
19 45
20 44
20 46
19 47
18 46
17 47
16 46
15 47
14 46
13 47
12 46
11 47
10 46
9 47
8 46
7 47
6 46
5 47
4 46
3 47
2 46
1 47
0 46
0 48
1 49
2 48
3 49
4 48
5 49
6 48
7 49
8 48
9 49
10 48
11 49
12 48
13 49
14 48
15 49
16 48
17 49
18 48
19 49
20 48
20 50
19 51
18 50
17 51
16 50
15 51
14 50
13 51
12 50
11 51
10 50
9 51
8 50
7 51
6 50
5 51
4 50
3 51
2 50
1 51
0 50
0 52
1 53
2 52
3 53
4 52
5 53
6 52
7 53
8 52
9 53
10 52
11 53
12 52
13 53
14 52
15 53
16 52
17 53
18 52
19 53
20 52
20 54
19 55
18 54
17 55
16 54
15 55
14 54
13 55
12 54
11 55
10 54
9 55
8 54
7 55
6 54
5 55
4 54
3 55
2 54
1 55
0 54
0 56
1 57
2 56
3 57
4 56
5 57
6 56
7 57
8 56
9 57
10 56
11 57
12 56
13 57
14 56
15 57
16 56
17 57
18 56
19 57
20 56
20 58
19 59
18 58
17 59
16 58
15 59
14 58
13 59
12 58
11 59
10 58
9 59
8 58
7 59
6 58
5 59
4 58
3 59
2 58
1 59
0 58
0 60
1 61
2 60
3 61
4 60
5 61
6 60
7 61
8 60
9 61
10 60
11 61
12 60
13 61
14 60
15 61
16 60
17 61
18 60
19 61
20 60
20 62
19 63
18 62
17 63
16 62
15 63
14 62
13 63
12 62
11 63
10 62
9 63
8 62
7 63
6 62
5 63
4 62
3 63
2 62
1 63
0 62
0 64
1 65
2 64
3 65
4 64
5 65
6 64
7 65
8 64
9 65
10 64
11 65
12 64
13 65
14 64
15 65
16 64
17 65
18 64
19 65
20 64
20 66
19 67
18 66
17 67
16 66
15 67
14 66
13 67
12 66
11 67
10 66
9 67
8 66
7 67
6 66
5 67
4 66
3 67
2 66
1 67
0 66
0 68
1 69
2 68
3 69
4 68
5 69
6 68
7 69
8 68
9 69
10 68
11 69
12 68
13 69
14 68
15 69
16 68
17 69
18 68
19 69
20 68
20 70
19 71
18 70
17 71
16 70
15 71
14 70
13 71
12 70
11 71
10 70
9 71
8 70
7 71
6 70
5 71
4 70
3 71
2 70
1 71
0 70
0 72
1 73
2 72
3 73
4 72
5 73
6 72
7 73
8 72
9 73
10 72
11 73
12 72
13 73
14 72
15 73
16 72
17 73
18 72
19 73
20 72
20 74
19 75
18 74
17 75
16 74
15 75
14 74
13 75
12 74
11 75
10 74
9 75
8 74
7 75
6 74
5 75
4 74
3 75
2 74
1 75
0 74
0 76
1 77
2 76
3 77
4 76
5 77
6 76
7 77
8 76
9 77
10 76
11 77
12 76
13 77
14 76
15 77
16 76
17 77
18 76
19 77
20 76
20 78
19 79
18 78
17 79
16 78
15 79
14 78
13 79
12 78
11 79
10 78
9 79
8 78
7 79
6 78
5 79
4 78
3 79
2 78
1 79
0 78
-1 78
-1 0
-0.5 0 -0.5 100
0 0 0 100
0 0 100 0
0 0 100 100
20 0 20 20
1 0 1 79
1 0 2 79
1 0 3 79
1 0 4 79
1 0 5 79
1 0 6 79
1 0 7 79
1 0 8 79
1 0 9 79
1 0 10 79
1 0 11 79
1 0 12 79
1 0 13 79
1 0 14 79
1 0 15 79
1 0 16 79
1 0 17 79
1 0 18 79
1 0 19 79
1 0 20 79
842 25
0 0
1 1
0 2
1 3
0 4
1 5
0 6
1 7
0 8
1 9
0 10
1 11
0 12
1 13
0 14
1 15
0 16
1 17
0 18
1 19
0 20
2 20
3 19
2 18
3 17
2 16
3 15
2 14
3 13
2 12
3 11
2 10
3 9
2 8
3 7
2 6
3 5
2 4
3 3
2 2
3 1
2 0
4 0
5 1
4 2
5 3
4 4
5 5
4 6
5 7
4 8
5 9
4 10
5 11
4 12
5 13
4 14
5 15
4 16
5 17
4 18
5 19
4 20
6 20
7 19
6 18
7 17
6 16
7 15
6 14
7 13
6 12
7 11
6 10
7 9
6 8
7 7
6 6
7 5
6 4
7 3
6 2
7 1
6 0
8 0
9 1
8 2
9 3
8 4
9 5
8 6
9 7
8 8
9 9
8 10
9 11
8 12
9 13
8 14
9 15
8 16
9 17
8 18
9 19
8 20
10 20
11 19
10 18
11 17
10 16
11 15
10 14
11 13
10 12
11 11
10 10
11 9
10 8
11 7
10 6
11 5
10 4
11 3
10 2
11 1
10 0
12 0
13 1
12 2
13 3
12 4
13 5
12 6
13 7
12 8
13 9
12 10
13 11
12 12
13 13
12 14
13 15
12 16
13 17
12 18
13 19
12 20
14 20
15 19
14 18
15 17
14 16
15 15
14 14
15 13
14 12
15 11
14 10
15 9
14 8
15 7
14 6
15 5
14 4
15 3
14 2
15 1
14 0
16 0
17 1
16 2
17 3
16 4
17 5
16 6
17 7
16 8
17 9
16 10
17 11
16 12
17 13
16 14
17 15
16 16
17 17
16 18
17 19
16 20
18 20
19 19
18 18
19 17
18 16
19 15
18 14
19 13
18 12
19 11
18 10
19 9
18 8
19 7
18 6
19 5
18 4
19 3
18 2
19 1
18 0
20 0
21 1
20 2
21 3
20 4
21 5
20 6
21 7
20 8
21 9
20 10
21 11
20 12
21 13
20 14
21 15
20 16
21 17
20 18
21 19
20 20
22 20
23 19
22 18
23 17
22 16
23 15
22 14
23 13
22 12
23 11
22 10
23 9
22 8
23 7
22 6
23 5
22 4
23 3
22 2
23 1
22 0
24 0
25 1
24 2
25 3
24 4
25 5
24 6
25 7
24 8
25 9
24 10
25 11
24 12
25 13
24 14
25 15
24 16
25 17
24 18
25 19
24 20
26 20
27 19
26 18
27 17
26 16
27 15
26 14
27 13
26 12
27 11
26 10
27 9
26 8
27 7
26 6
27 5
26 4
27 3
26 2
27 1
26 0
28 0
29 1
28 2
29 3
28 4
29 5
28 6
29 7
28 8
29 9
28 10
29 11
28 12
29 13
28 14
29 15
28 16
29 17
28 18
29 19
28 20
30 20
31 19
30 18
31 17
30 16
31 15
30 14
31 13
30 12
31 11
30 10
31 9
30 8
31 7
30 6
31 5
30 4
31 3
30 2
31 1
30 0
32 0
33 1
32 2
33 3
32 4
33 5
32 6
33 7
32 8
33 9
32 10
33 11
32 12
33 13
32 14
33 15
32 16
33 17
32 18
33 19
32 20
34 20
35 19
34 18
35 17
34 16
35 15
34 14
35 13
34 12
35 11
34 10
35 9
34 8
35 7
34 6
35 5
34 4
35 3
34 2
35 1
34 0
36 0
37 1
36 2
37 3
36 4
37 5
36 6
37 7
36 8
37 9
36 10
37 11
36 12
37 13
36 14
37 15
36 16
37 17
36 18
37 19
36 20
38 20
39 19
38 18
39 17
38 16
39 15
38 14
39 13
38 12
39 11
38 10
39 9
38 8
39 7
38 6
39 5
38 4
39 3
38 2
39 1
38 0
40 0
41 1
40 2
41 3
40 4
41 5
40 6
41 7
40 8
41 9
40 10
41 11
40 12
41 13
40 14
41 15
40 16
41 17
40 18
41 19
40 20
42 20
43 19
42 18
43 17
42 16
43 15
42 14
43 13
42 12
43 11
42 10
43 9
42 8
43 7
42 6
43 5
42 4
43 3
42 2
43 1
42 0
44 0
45 1
44 2
45 3
44 4
45 5
44 6
45 7
44 8
45 9
44 10
45 11
44 12
45 13
44 14
45 15
44 16
45 17
44 18
45 19
44 20
46 20
47 19
46 18
47 17
46 16
47 15
46 14
47 13
46 12
47 11
46 10
47 9
46 8
47 7
46 6
47 5
46 4
47 3
46 2
47 1
46 0
48 0
49 1
48 2
49 3
48 4
49 5
48 6
49 7
48 8
49 9
48 10
49 11
48 12
49 13
48 14
49 15
48 16
49 17
48 18
49 19
48 20
50 20
51 19
50 18
51 17
50 16
51 15
50 14
51 13
50 12
51 11
50 10
51 9
50 8
51 7
50 6
51 5
50 4
51 3
50 2
51 1
50 0
52 0
53 1
52 2
53 3
52 4
53 5
52 6
53 7
52 8
53 9
52 10
53 11
52 12
53 13
52 14
53 15
52 16
53 17
52 18
53 19
52 20
54 20
55 19
54 18
55 17
54 16
55 15
54 14
55 13
54 12
55 11
54 10
55 9
54 8
55 7
54 6
55 5
54 4
55 3
54 2
55 1
54 0
56 0
57 1
56 2
57 3
56 4
57 5
56 6
57 7
56 8
57 9
56 10
57 11
56 12
57 13
56 14
57 15
56 16
57 17
56 18
57 19
56 20
58 20
59 19
58 18
59 17
58 16
59 15
58 14
59 13
58 12
59 11
58 10
59 9
58 8
59 7
58 6
59 5
58 4
59 3
58 2
59 1
58 0
60 0
61 1
60 2
61 3
60 4
61 5
60 6
61 7
60 8
61 9
60 10
61 11
60 12
61 13
60 14
61 15
60 16
61 17
60 18
61 19
60 20
62 20
63 19
62 18
63 17
62 16
63 15
62 14
63 13
62 12
63 11
62 10
63 9
62 8
63 7
62 6
63 5
62 4
63 3
62 2
63 1
62 0
64 0
65 1
64 2
65 3
64 4
65 5
64 6
65 7
64 8
65 9
64 10
65 11
64 12
65 13
64 14
65 15
64 16
65 17
64 18
65 19
64 20
66 20
67 19
66 18
67 17
66 16
67 15
66 14
67 13
66 12
67 11
66 10
67 9
66 8
67 7
66 6
67 5
66 4
67 3
66 2
67 1
66 0
68 0
69 1
68 2
69 3
68 4
69 5
68 6
69 7
68 8
69 9
68 10
69 11
68 12
69 13
68 14
69 15
68 16
69 17
68 18
69 19
68 20
70 20
71 19
70 18
71 17
70 16
71 15
70 14
71 13
70 12
71 11
70 10
71 9
70 8
71 7
70 6
71 5
70 4
71 3
70 2
71 1
70 0
72 0
73 1
72 2
73 3
72 4
73 5
72 6
73 7
72 8
73 9
72 10
73 11
72 12
73 13
72 14
73 15
72 16
73 17
72 18
73 19
72 20
74 20
75 19
74 18
75 17
74 16
75 15
74 14
75 13
74 12
75 11
74 10
75 9
74 8
75 7
74 6
75 5
74 4
75 3
74 2
75 1
74 0
76 0
77 1
76 2
77 3
76 4
77 5
76 6
77 7
76 8
77 9
76 10
77 11
76 12
77 13
76 14
77 15
76 16
77 17
76 18
77 19
76 20
78 20
79 19
78 18
79 17
78 16
79 15
78 14
79 13
78 12
79 11
78 10
79 9
78 8
79 7
78 6
79 5
78 4
79 3
78 2
79 1
78 0
78 -1
0 -1
-0.5 0 -0.5 100
0 0 0 100
0 0 100 0
0 0 100 100
20 0 20 20
1 0 1 79
1 0 2 79
1 0 3 79
1 0 4 79
1 0 5 79
1 0 6 79
1 0 7 79
1 0 8 79
1 0 9 79
1 0 10 79
1 0 11 79
1 0 12 79
1 0 13 79
1 0 14 79
1 0 15 79
1 0 16 79
1 0 17 79
1 0 18 79
1 0 19 79
1 0 20 79
34 59
0 0
-5 20
0 3
-2 20
1 7
0 20
2 10
3 20
4 13
5 20
6 15
7 20
8 16
9 20
11 17
13 20
15 18
16 20
17 18
23 17
17 16
23 14
16 12
23 10
15 9
23 8
14 7
23 6
12 5
23 4
9 3
23 2
5 1
23 -2
-5 -5 -5 30
-4 -5 -4 30
-3 -5 -3 30
-2 -5 -2 30
-1 -5 -1 30
0 -5   0 30
1 -5   1 30
2 -5   2 30
3 -5   3 30
4 -5   4 30
5 -5   5 30
6 -5   6 30
7 -5   7 30
8 -5   8 30
9 -5   9 30
10 -5   10 30
11 -5   11 30
12 -5   12 30
13 -5   13 30
14 -5   14 30
15 -5   15 30
16 -5   16 30
17 -5   17 30
18 -5   18 30
19 -5   19 30
20 -5   20 30
21 -5   21 30
22 -5   22 30
23 -5   23 30
-6 -3 25 -3
-6 -2 25 -2
-6 -1 25 -1
-6 0 25 0
-6 1 25 1
-6 2 25 2
-6 3 25 3
-6 4 25 4
-6 5 25 5
-6 6 25 6
-6 7 25 7
-6 8 25 8
-6 9 25 9
-6 10 25 10
-6 11 25 11
-6 12 25 12
-6 13 25 13
-6 14 25 14
-6 15 25 15
-6 16 25 16
-6 17 25 17
-6 18 25 18
-6 19 25 19
-6 20 25 20
-6 21 25 21
-6 22 25 22
-6 23 25 23
-6 24 25 24
-6 23 28 -3
0 -10 30 24
485 4
48.5609 14.5066 
40.9058 16.6296 
-63.0536 100.416 
-94.7262 118.995 
-104.706 130.435 
-86.4522 123.666 
-148.957 153.502 
-174.445 165.011 
-197.12 159.114 
-200.174 159.183 
-158.915 110.724 
-128.069 102.5 
-120.99 83.9205 
-117.269 55.4935 
-90.4517 42.5104 
-111.513 69.6076 
-101.106 94.1086 
-49.0228 73.7347 
-52.8453 83.3867 
-20.6228 34.9068 
7.89859 24.9168 
-29.0631 35.3444 
-46.7558 -1.63815 
-48.2849 -5.13814 
-59.6171 -21.818 
-115.079 -11.7296 
-146.21 39.3452 
-98.9407 -51.7367 
-69.9054 -61.424 
-58.5242 -56.4946 
-36.1267 -59.7048 
-33.5473 -54.4163 
-13.8982 -48.2432 
3.49599 -61.8123 
8.35268 -61.5148 
-6.75389 -82.3015 
-82.7415 -120.195 
-103.217 -86.9426 
-133.302 -74.7 
-169.201 -64.881 
-198.796 -83.3601 
-184.818 -60.6424 
-182.338 -33.7029 
-154.262 -25.8754 
-178.969 20.748 
-198.233 36.9896 
-159.456 60.1572 
-161.974 80.0997 
-212.637 162.583 
-222.831 211.568 
-219.51 209.446 
-217.26 209.37 
-202.894 203.566 
-234.931 239.163 
-245.74 265.846 
-250.29 289.2 
-267.065 296.486 
-256.124 305.001 
-298.879 365.806 
-284.601 367.056 
-226.552 292.067 
-202.759 241.735 
-100.931 160.287 
-19.456 209.889 
-59.8517 245.885 
-98.6746 218.449 
-95.2811 191.352 
-171.374 227.134 
-188.451 274.805 
-141.504 260.385 
-108.851 237.113 
-135.117 267.223 
-196.097 285.535 
-237.134 325.604 
-220.813 329.957 
-207.19 319.417 
-216.292 333.806 
-115.406 304.817 
-181.151 312.072 
-152.301 302.641 
-168.033 301.587 
-117.926 252.851 
-114.61 289.355 
-110.011 293.461 
-40.6107 255.803 
-13.284 217.616 
44.6809 208.872 
52.5659 258.406 
51.832 273.803 
-27.0421 279.454 
-34.5521 262.097 
-88.2893 292.447 
-105.442 297.713 
-89.141 307.797 
-33.5629 279.325 
55.7462 310.519 
-36.0181 333.846 
-57.2955 310.072 
-64.0137 324.636 
-69.3481 341.239 
-70.5488 314.129 
-133.819 342.171 
-251.083 367.374 
-60.9061 364.635 
-49.3447 368.991 
10.6243 366.836 
36.6625 367.246 
83.3621 318.069 
94.5274 320.667 
100.127 275.946 
153.404 260.254 
150.456 236.23 
149.23 240.348 
84.883 191.019 
79.5394 193.88 
60.7107 188.506 
13.3228 177.774 
19.1081 173.108 
59.6629 111.263 
79.9947 81.7237 
99.0518 68.1437 
190.45 32.4528 
197.122 34.6975 
206.794 31.115 
213.935 -45.726 
217.542 -52.7425 
206.582 55.6089 
205.447 70.6268 
208.898 63.3129 
218.815 48.9842 
247.243 8.7863 
226.204 -12.3653 
219.327 -84.5557 
230.962 -117.081 
211.79 -125.155 
174.799 -105.67 
178.574 -76.3287 
174.888 -30.589 
123.738 22.2613 
130.009 11.9541 
114.411 -62.7981 
83.3632 -89.8209 
89.9452 -93.6137 
132.474 -77.5467 
59.1705 -106.886 
-6.49515 -147.035 
-42.3221 -165.661 
-76.335 -186.446 
-66.0838 -171.407 
-65.7136 -166.951 
-110.911 -202.272 
-92.9311 -207.741 
-31.2552 -189.948 
-50.9521 -217.234 
-1.35712 -169.526 
41.0855 -148.468 
160.825 -66.5009 
153.444 -102.524 
156.83 -155.079 
198.787 -173.027 
226.629 -175.425 
239.572 -179.803 
292.098 -244.677 
294.941 -209.19 
246.563 -176.915 
230.008 -144.834 
238.035 -138.194 
241.311 -106.882 
241.162 -91.4022 
257.441 -50.1284 
253.705 -12.8022 
269.377 -138.085 
279.453 -92.8465 
281.353 -11.1413 
300.44 -110.595 
271.504 -169.517 
270.65 -183.149 
282.624 -162.927 
316.462 -211.665 
316.75 -318.369 
239.883 -275.44 
231.227 -226.675 
261.572 -228.415 
244.181 -211.144 
190.903 -205.767 
178.897 -196.009 
147.598 -177.337 
113.058 -172.646 
128.295 -153.644 
62.76 -177.059 
92.3644 -170.644 
20.9475 -201.607 
3.2276 -219.19 
-5.43733 -221.619 
-102.449 -280.506 
-98.4478 -289.471 
-30.1743 -264.093 
-8.41859 -253.647 
64.9709 -254.597 
120.684 -250.355 
129.387 -236.189 
133.728 -192.842 
177.386 -206.833 
193.129 -239.335 
179.477 -278.387 
166.123 -308.249 
160.807 -345.877 
180.07 -286.967 
201.828 -232.747 
216.702 -358.259 
236.155 -333.391 
227.742 -373.124 
340.591 -318.792 
356.671 -352.068 
368.315 -366.029 
323.132 -266.488 
327.966 -223.559 
316.758 -76.8536 
347.249 -185.968 
337.191 -77.911 
336.211 -47.8431 
329.149 59.4905 
366.156 -244.094 
353.74 118.733 
347.905 162.928 
364.588 154.496 
365.666 126.486 
371.735 -290.927 
372.597 -333.735 
372.096 34.123 
371.732 -69.4236 
364.938 283.588 
369.123 352.157 
365.057 336.64 
353.381 361.049 
342.776 258.091 
311.984 217.596 
333.317 329.906 
335.315 331.487 
317.124 362.635 
271.381 366.828 
285.161 332.301 
281.393 348.762 
308.269 361.011 
301.239 217.109 
298.135 206.807 
287.498 285.709 
274.473 271.268 
273.632 147.048 
261.442 176.805 
261.975 161.203 
242.615 176.523 
244.068 131.344 
233.946 84.4704 
256.253 92.4625 
276.576 52.4785 
299.191 139.387 
295.635 170.47 
300.395 194.038 
299.773 200.35 
303.491 176.572 
303.843 172.241 
308.515 164.508 
319.458 115.556 
337.567 90.3009 
319.835 58.1757 
297.248 -18.8317 
292.272 2.15109 
286.881 -6.93776 
280.164 7.19946 
266.579 19.2737 
258.403 48.318 
257.575 51.2509 
243.24 31.601 
246.002 49.0393 
227.111 59.7669 
205.606 102.771 
218.588 106.388 
213.079 132.932 
196.107 179.642 
195.254 114.111 
212.155 119.447 
201.456 103.401 
179.898 92.9653 
181.615 68.5697 
136.057 67.8551 
104.262 81.0536 
117.736 79.0365 
73.3013 138.126 
79.6058 181.994 
145.591 122.45 
176.991 124.373 
154.45 203.183 
195.817 196.904 
227.958 228.497 
224.895 280.518 
229.226 289.262 
129.135 294.521 
141.137 302.083 
142.631 333.296 
95.7885 341.206 
164.439 349.492 
249.109 349.596 
248.399 246.002 
258.061 361.463 
244.304 358.481 
242.496 361.395 
49.0675 372.213 
-361.178 372.946 
-367.506 289.529 
-352.793 249.856 
-288.535 253.85 
-330.057 291.371 
-295.791 278.77 
-263.362 269.798 
-284.858 262.544 
-284.662 234.396 
-266.489 181.763 
-241.648 169.978 
-226.84 156.776 
-219.249 141.794 
-203.624 146.146 
-199.957 123.528 
-192.435 89.3531 
-228.887 110.014 
-230.001 137.878 
-243.493 164.107 
-263.584 149.304 
-272.605 146.668 
-268.751 136.761 
-215.998 97.1385 
-205.618 76.4126 
-212.748 72.2927 
-243.965 90.4436 
-232.158 33.8594 
-281.339 -55.1355 
-259.742 24.6476 
-248.538 32.5166 
-265.816 107.547 
-274.48 127.765 
-252.947 47.8279 
-270.71 41.3291 
-323.283 155.538 
-335.099 150.46 
-361.692 127.7 
-362.888 203.034 
-366.306 150.261 
-361.553 56.836 
-351.875 73.2744 
-347.045 74.5197 
-337.353 37.9971 
-314.69 37.1686 
-314.51 129.47 
-305.002 1.12477 
-291.713 -44.9167 
-295.059 -79.0161 
-277.832 -66.3978 
-208.604 -74.0585 
-220.301 -98.0243 
-324.645 -146.298 
-250.303 -112.42 
-284.254 -161.058 
-301.788 -196.634 
-307.573 -220.049 
-295.449 -203.95 
-315.736 -255.81 
-356.627 -339.282 
-342.276 -273.967 
-330.828 -264.018 
-324.649 -232.558 
-326.868 -208.336 
-343.235 -177.754 
-352.674 -136.353 
-345.511 -111.92 
-327.326 -121.472 
-316.141 -99.9955 
-310.488 -84.5753 
-338.463 15.8796 
-354.128 39.9812 
-369.219 -0.0373976 
-348.477 -0.0540455 
-362.188 -98.6816 
-366.146 -19.8726 
-366.867 -87.7862 
-360.977 -240.374 
-344.02 -222.977 
-360.653 -263.445 
-361.224 -345.922 
-326.053 -355.955 
-366.103 -358.059 
-341.831 -368.437 
-315.228 -367.214 
-233.337 -373.187 
-324.337 -363.953 
-208.492 -374.058 
-219.308 -357.614 
-276.528 -354.608 
-242.923 -265.011 
-241.06 -293.468 
-231.353 -288.666 
-259.603 -341.635 
-259.666 -342.06 
-191.093 -345.956 
-110.636 -362.444 
-71.9545 -300.39 
-83.6704 -322.617 
-8.63703 -339.511 
2.39419 -333.729 
41.2216 -315.62 
49.9025 -314.796 
-9.95028 -372.932 
-0.121404 -374.391 
58.4707 -359.638 
86.2839 -366.769 
108.63 -307.533 
114.714 -373.682 
128.373 -335.146 
146.693 -283.111 
145.753 -350.614 
162.507 -256.706 
158.253 -258.956 
129.145 -298.269 
42.8851 -294.712 
35.6643 -265.724 
-2.68387 -295.186 
-128.936 -299.503 
-129.016 -311.036 
-137.225 -310.602 
-163.378 -330.76 
-170.113 -324.899 
-238.555 -330.367 
-134.315 -279.273 
-176.423 -272.529 
-205.415 -286.94 
-149.037 -230.059 
-165.885 -197.783 
-169.75 -217.757 
-192.86 -216.865 
-225.762 -220.512 
-275.951 -302.479 
-273.9 -324.023 
-279.307 -328.456 
-303.272 -360.704 
-326.913 -362.599 
-319.713 -319.178 
-261.559 -250.213 
-244.838 -225.715 
-224.816 -199.696 
-237.827 -192.487 
-235.286 -150.105 
-231.491 -125.492 
-203.571 -145.187 
-180.573 -138.349 
-155.376 -133.09 
-160.644 -109.397 
-149.784 -112.714 
-133.905 -94.9284 
-122.203 -125.939 
-100.332 -165.619 
-67.2034 -143.607 
-30.8574 -118.728 
-10.2731 -114.899 
10.2737 -113.306 
23.9942 -103.147 
94.6675 -33.6394 
77.9023 -44.9961 
45.0083 -60.9335 
60.3736 -47.022 
57.7198 -43.7573 
96.1891 -2.5281 
85.9049 13.0571 
114.096 19.8792 
105.458 37.6509 
95.4198 45.9713 
83.3621 28.6414 
44.1127 116 
11.4818 92.5208 
-0.375781 98.5806 
-41.6747 139.61 
-67.2046 133.389 
-96.6492 146.218 
-65.0797 117.57 
-46.4298 100.399 
-45.5725 93.7229 
4.92702 79.0014 
0 0 5 0
0 0 0 5
1 1 2 2
-1 1 1 -1
0 0

9 5
0 0
0 2
1 1
2 2
3 1
4 2
5 1
6 2
6 0
-1 2 7.5 1
0 1 6 1
0 1.5 6 1.5
0 2 6 1
0 0 0 2
0 0