90
1234567891
18991325453139
12745267386521023
1321321
321
234324235
3254325346534
22349032423492302
3432490234092034
234032492304234
321329480932840324
34324902348234098324
2349032490320493204323
4234
32432432423423
4234234
23423423423483493280
2839489328498238493284923
324324892384982384983232
43240932049032490234234
112910291092019029102
1111111111111111111111
10000000000000009
1291920190291092091029
129031920390219021
90
1234567891
18991325453139
12745267386521023
1321321
321
234324235
3254325346534
22349032423492302
3432490234092034
234032492304234
321329480932840324
34324902348234098324
2349032490320493204323
4234
32432432423423
4234234
23423423423483493280
2839489328498238493284923
324324892384982384983232
43240932049032490234234
112910291092019029102
1111111111111111111111
10000000000000009
1291920190291092091029
129031920390219021
90
1234567891
18991325453139
12745267386521023
1321321
321
234324235
3254325346534
22349032423492302
3432490234092034
234032492304234
321329480932840324
34324902348234098324
2349032490320493204323
4234
32432432423423
4234234
23423423423483493280
2839489328498238493284923
324324892384982384983232
43240932049032490234234
112910291092019029102
1111111111111111111111
10000000000000009
1291920190291092091029
129031920390219021
90
1234567891
18991325453139
12745267386521023
1321321
321
234324235
3254325346534
22349032423492302
3432490234092034
234032492304234
321329480932840324
34324902348234098324
2349032490320493204323
4234
32432432423423
4234234
23423423423483493280
2839489328498238493284923
324324892384982384983232
43240932049032490234234
112910291092019029102
1111111111111111111111
10000000000000009
1291920190291092091029
12903192039021902110
1000000000000017
100000000000000000000017
10000000000000000000007
12821839218938918312
3123213423489238492
-1