143 10
143 20
667 20
667 30
2573 30
2573 40
0 0

1000000000000000000000000000000000000000000000000000000000000000000000000000000000000000000000000009 1000000
1000000000000000000000000000000000000000000000000000000000000000000000000000000000000000000000000009 1000000
1000000000000000000000000000000000000000000000000000000000000000000000000000000000000000000000000009 1000000
1000000000000000000000000000000000000000000000000000000000000000000000000000000000000000000000000009 1000000
1000000000000000000000000000000000000000000000000000000000000000000000000000000000000000000000000009 1000000
1000000000000000000000000000000000000000000000000000000000000000000000000000000000000000000000000009 1000000
1000000000000000000000000000000000000000000000000000000000000000000000000000000000000000000000000009 1000000
1000000000000000000000000000000000000000000000000000000000000000000000000000000000000000000000000009 1000000
1000000000000000000000000000000000000000000000000000000000000000000000000000000000000000000000000009 1000000
1000000000000000000000000000000000000000000000000000000000000000000000000000000000000000000000000009 1000000
1000000000000000000000000000000000000000000000000000000000000000000000000000000000000000000000000009 1000000
1000000000000000000000000000000000000000000000000000000000000000000000000000000000000000000000000009 1000000
1000000000000000000000000000000000000000000000000000000000000000000000000000000000000000000000000009 1000000
1000000000000000000000000000000000000000000000000000000000000000000000000000000000000000000000000009 1000000
1000000000000000000000000000000000000000000000000000000000000000000000000000000000000000000000000009 1000000
1000000000000000000000000000000000000000000000000000000000000000000000000000000000000000000000000009 1000000
1000000000000000000000000000000000000000000000000000000000000000000000000000000000000000000000000009 1000000
1000000000000000000000000000000000000000000000000000000000000000000000000000000000000000000000000009 1000000
1000000000000000000000000000000000000000000000000000000000000000000000000000000000000000000000000009 1000000
1000000000000000000000000000000000000000000000000000000000000000000000000000000000000000000000000009 1000000
0 0

