5
1 2 3 4 5
0
10
1 2 3 4 5 6
6 7 8 9 10
0
5
1 5 2 4 3
4 3
5 2
0
5
1 2 3 4 5
0
10
1 2 3 4 5 6
6 7 8 9 10
0
5
1 5 2 4 3
4 3
5 2
0
5
1 2 3 4 5
0
10
1 2 3 4 5 6
6 7 8 9 10
0
5
1 5 2 4 3
4 3
5 2
0
0


5
1 5 2 4 3
4 3
5 2
0
5
1 2 3 4 5
3 2
4 3
5 2
0
5
1 5 2 4 3
4 3
5 2
0
5
1 2 3 4 5
3 2
4 3
5 2
0
5
1 5 2 4 3
4 3
5 2
0
5
1 2 3 4 5
3 2
4 3
5 2
0
5
1 5 2 4 3
4 3
5 2
0
5
1 2 3 4 5
3 2
4 3
5 2
0
5
1 5 2 4 3
4 3
5 2
0
5
1 2 3 4 5
3 2
4 3
5 2
0
5
1 5 2 4 3
4 3
5 2
0
5
1 2 3 4 5
3 2
4 3
5 2
0
5
1 5 2 4 3
4 3
5 2
0
5
1 2 3 4 5
3 2
4 3
5 2
0
5
1 5 2 4 3
4 3
5 2
0
5
1 2 3 4 5
3 2
4 3
5 2
0
5
1 5 2 4 3
4 3
5 2
0
5
1 2 3 4 5
3 2
4 3
5 2
0
5
1 5 2 4 3
4 3
5 2
0
5
1 2 3 4 5
3 2
4 3
5 2
0
0