2
8
1 1 2 2
2 2 3 3
1 3 3 1
10 0 20 0
20 0 30 0
15 0 25 0
50 0 100 0
70 0 80 0
1
0 0 1 1

1
3
0 0 0 3
0 0 0 2
0 0 0 1
1 1 1 1

1
4
0 0 1 1
0 0 2 2
0 0 3 3
1 1 2 2

8
8
1 1 2 2
2 2 3 3
1 3 3 1
10 0 20 0
20 0 30 0
15 0 25 0
50 0 100 0
70 0 80 0
1
0 0 1 1
8
1 1 2 2
2 2 3 3
1 3 3 1
10 0 20 0
20 0 30 0
15 0 25 0
50 0 100 0
70 0 80 0
1
0 0 1 1
8
1 1 2 2
2 2 3 3
1 3 3 1
10 0 20 0
20 0 30 0
15 0 25 0
50 0 100 0
70 0 80 0
1
0 0 1 1
8
1 1 2 2
2 2 3 3
1 3 3 1
10 0 20 0
20 0 30 0
15 0 25 0
50 0 100 0
70 0 80 0
1
0 0 1 1