200
10 20
10 21
10 20
10 20
10 20
10 20
10 20
10 20
10 20
10 20
10 20
10 20
10 20
10 20
10 20
10 20
10 20
10 20
10 20
10 20
10 20
10 20
10 20
10 20
10 20
10 20
10 20
10 20
10 20
10 20
10 20
10 20
10 20
10 20
10 20
10 20
10 20
10 20
10 20
10 20
10 20
10 20
10 20
10 20
10 20
10 20
10 20
10 20
10 20
10 20
10 20
10 20
10 20
10 20
10 20
10 20
10 20
10 20
10 20
10 20
10 20
10 20
10 20
10 20
10 20
10 20
10 20
10 20
10 20
10 20
10 20
10 20
10 20
10 20
10 20
10 20
10 20
10 20
10 20
10 20
10 20
10 20
10 20
10 20
10 20
10 20
10 20
10 20
10 20
10 20
10 20
10 20
10 20
10 20
10 20
10 20
10 20
10 20
10 20
10 20
10 20
10 20
10 20
10 20
10 20
10 20
10 20
10 20
10 20
10 20
10 20
10 20
10 20
10 20
10 20
10 20
10 20
10 20
10 20
10 20
10 20
10 20
10 20
10 20
10 20
10 20
10 20
10 20
10 20
10 20
10 20
10 20
10 20
10 20
10 20
10 20
10 20
10 20
10 20
10 20
10 20
10 20
10 20
10 20
10 20
10 20
10 20
10 20
10 20
10 20
10 20
10 20
10 20
10 20
10 20
10 20
10 20
10 20
10 20
10 20
10 20
10 20
10 20
10 20
10 20
10 20
10 20
10 20
10 20
10 20
10 20
10 20
10 20
10 20
10 20
10 20
10 20
10 20
10 20
10 20
10 20
10 20
10 20
10 20
10 20
10 20
10 20
10 20
10 20
10 20
10 20
10 20
10 20
10 20
10 20
10 20
10 20
10 20
10 20
10 20
0

2
0 0
3 4

3
17 4
19 4
18 5

0